BE,CPS_Background_subtract
89.38,51.79
89.36,37.27
89.34,10.6
89.32,42.35
89.3,33.67
89.28,44.41
89.26,34.19
89.24,39.55
89.22,53.81
89.2,42.38
89.18,53.3
89.16,71.34
89.14,52.31
89.12,60.31
89.1,50.54
89.08,56.86
89.06,70.35
89.04,48.81
89.02,56.3
89,59.45
88.98,68.96
88.96,83.26
88.94,91.89
88.92,102.46
88.9,99.43
88.88,82.05
88.86,73.45
88.84,95.52
88.82,85.16
88.8,102.25
88.78,120.25
88.76,96.45
88.74,111.39
88.72,124.48
88.7,130.15
88.68,130.69
88.66,118.43
88.64,137.57
88.62,133.93
88.6,147.71
88.58,138.85
88.56,161.39
88.54,166.39
88.52,181.58
88.5,168.55
88.48,168.45
88.46,181.78
88.44,209.75
88.42,205.15
88.4,225.91
88.38,233.71
88.36,247.39
88.34,257.76
88.32,288.94
88.3,298.97
88.28,330.23
88.26,329.76
88.24,345.13
88.22,419.63
88.2,446.97
88.18,450.9
88.16,499.93
88.14,539.26
88.12,549.04
88.1,595.84
88.08,684.94
88.06,743.63
88.04,798.75
88.02,859.48
88,931.66
87.98,1030.75
87.96,1124.31
87.94,1203.82
87.92,1270.73
87.9,1361.68
87.88,1468.67
87.86,1577.36
87.84,1623.78
87.82,1752.59
87.8,1821.54
87.78,1894.24
87.76,2027.97
87.74,2091.11
87.72,2184.56
87.7,2252.73
87.68,2331.41
87.66,2421.48
87.64,2477.67
87.62,2529.51
87.6,2594.89
87.58,2645.58
87.56,2657.04
87.54,2690.18
87.52,2729.15
87.5,2700.51
87.48,2663.84
87.46,2707.53
87.44,2667.72
87.42,2641.09
87.4,2601.07
87.38,2500.23
87.36,2457.81
87.34,2426.09
87.32,2342.56
87.3,2291.1
87.28,2160.7
87.26,2087.35
87.24,1993.07
87.22,1916.17
87.2,1831.48
87.18,1732.09
87.16,1626.91
87.14,1555.31
87.12,1465.1
87.1,1372.13
87.08,1269.32
87.06,1202
87.04,1094.31
87.02,1043.38
87,962.8
86.98,928.13
86.96,897.08
86.94,806.36
86.92,754.6
86.9,732.23
86.88,690.75
86.86,647.76
86.84,608.54
86.82,544.09
86.8,535.61
86.78,509.63
86.76,483.65
86.74,435.6
86.72,417.66
86.7,446.79
86.68,409.41
86.66,371.23
86.64,368.43
86.62,372.89
86.6,329.73
86.58,323.9
86.56,278.24
86.54,294.85
86.52,302.2
86.5,294.02
86.48,279.89
86.46,288.89
86.44,251.92
86.42,264.78
86.4,240.23
86.38,241.8
86.36,227.17
86.34,204.52
86.32,218.75
86.3,229.25
86.28,223.13
86.26,208.31
86.24,193.54
86.22,185.09
86.2,174.6
86.18,183.77
86.16,185.57
86.14,165.01
86.12,171.65
86.1,178.46
86.08,179.98
86.06,146.71
86.04,154.93
86.02,138.04
86,153.15
85.98,160.65
85.96,137.4
85.94,133.71
85.92,133.89
85.9,155.47
85.88,154.61
85.86,124.31
85.84,150.3
85.82,138.77
85.8,136.04
85.78,143.8
85.76,124.5
85.74,138.04
85.72,131.26
85.7,149.71
85.68,137.78
85.66,133.14
85.64,141.05
85.62,145.12
85.6,159.32
85.58,134.98
85.56,152.92
85.54,131.9
85.52,143.71
85.5,126.57
85.48,143.41
85.46,152.46
85.44,131.27
85.42,125.09
85.4,137.57
85.38,161.04
85.36,158.25
85.34,158.53
85.32,154.49
85.3,137.66
85.28,170.45
85.26,177.49
85.24,152.12
85.22,161.23
85.2,156.51
85.18,178.06
85.16,169.44
85.14,166.7
85.12,172.43
85.1,149.07
85.08,184.31
85.06,181.68
85.04,193.11
85.02,205.3
85,225.55
84.98,219.68
84.96,241.29
84.94,244.68
84.92,245.6
84.9,234.06
84.88,244.71
84.86,280.34
84.84,302.62
84.82,296.8
84.8,287.73
84.78,310.45
84.76,326.62
84.74,345.42
84.72,357.24
84.7,387.53
84.68,403.1
84.66,381.02
84.64,436.96
84.62,480.4
84.6,481.34
84.58,537.21
84.56,544.04
84.54,596.61
84.52,633.59
84.5,681.99
84.48,756.41
84.46,816.08
84.44,901.19
84.42,964.03
84.4,1087.81
84.38,1158.98
84.36,1262.98
84.34,1377.23
84.32,1500.58
84.3,1611.01
84.28,1783.23
84.26,1913.14
84.24,2061.26
84.22,2263.72
84.2,2363.23
84.18,2516.29
84.16,2680.92
84.14,2800.9
84.12,2988.47
84.1,3146.1
84.08,3276.18
84.06,3392.99
84.04,3627.35
84.02,3737.92
84,3865.33
83.98,3978.28
83.96,4094.12
83.94,4251.45
83.92,4318.98
83.9,4394.7
83.88,4448.47
83.86,4450.69
83.84,4540.43
83.82,4593.6
83.8,4586.84
83.78,4540.94
83.76,4521.72
83.74,4469.07
83.72,4436
83.7,4345.18
83.68,4243.19
83.66,4128.78
83.64,4050.98
83.62,3908.95
83.6,3769.37
83.58,3575.71
83.56,3470.45
83.54,3242.82
83.52,3061.28
83.5,2916.76
83.48,2774.16
83.46,2623.91
83.44,2453.65
83.42,2283.1
83.4,2141.97
83.38,1949.84
83.36,1817.65
83.34,1706.4
83.32,1614.46
83.3,1468.45
83.28,1361.3
83.26,1283.28
83.24,1145.29
83.22,1071.97
83.2,1025.83
83.18,956.08
83.16,916.84
83.14,864.37
83.12,827.89
83.1,777.44
83.08,745.73
83.06,686.07
83.04,668.39
83.02,619.32
83,584.51
82.98,548.32
82.96,523.88
82.94,512.77
82.92,510.2
82.9,461.69
82.88,456.06
82.86,424.21
82.84,396.01
82.82,393
82.8,376.99
82.78,378.46
82.76,334.4
82.74,330.54
82.72,312.62
82.7,312.61
82.68,295.24
82.66,284.69
82.64,281.5
82.62,259.44
82.6,258.71
82.58,257.26
82.56,257.16
82.54,245.14
82.52,225.33
82.5,214.65
82.48,223.54
82.46,194.85
82.44,204.4
82.42,199.04
82.4,178.09
82.38,207.11
82.36,200.1
82.34,169.61
82.32,164.63
82.3,171.43
82.28,163.04
82.26,142.85
82.24,176.87
82.22,163.55
82.2,150.73
82.18,140.67
82.16,128.42
82.14,127.54
82.12,130.4
82.1,128.73
82.08,111.67
82.06,126.48
82.04,139.74
82.02,105.2
82,101.99
81.98,96.15
81.96,99.85
81.94,73.13
81.92,96.96
81.9,90.51
81.88,90.37
81.86,91.92
81.84,89.85
81.82,81.14
81.8,73.32
81.78,64.02
81.76,87.9
81.74,66.52
81.72,87.04
81.7,96.62
81.68,60.59
81.66,60.18
81.64,57.51
81.62,42.13
81.6,49.75
81.58,64.63
81.56,62.52
