BE,CPS_Background_substract
89.38,103.35
89.36,103.53
89.34,62.73
89.32,119.22
89.3,111.22
89.28,81.27
89.26,113.39
89.24,111.93
89.22,112.08
89.2,106.52
89.18,142.71
89.16,138.61
89.14,153.66
89.12,120.87
89.1,123.74
89.08,133.43
89.06,121.58
89.04,116.36
89.02,133.19
89,162.34
88.98,142.46
88.96,120.88
88.94,119.57
88.92,149.78
88.9,167.72
88.88,156.73
88.86,163.88
88.84,163.97
88.82,172.4
88.8,210.7
88.78,208.64
88.76,205.69
88.74,224.13
88.72,235.57
88.7,223.67
88.68,218.67
88.66,215.41
88.64,226.83
88.62,273.25
88.6,264.4
88.58,296.24
88.56,282.59
88.54,295.77
88.52,315.48
88.5,345.34
88.48,326.43
88.46,371.73
88.44,408.73
88.42,416.86
88.4,438.26
88.38,453.13
88.36,496.02
88.34,523.88
88.32,551.22
88.3,556.36
88.28,583.63
88.26,601.92
88.24,642.41
88.22,718.81
88.2,744.96
88.18,776.19
88.16,830.26
88.14,831.76
88.12,936.49
88.1,962.44
88.08,1047.27
88.06,1129.66
88.04,1186.7
88.02,1255.38
88,1316.59
87.98,1430.27
87.96,1505.11
87.94,1600.89
87.92,1699.32
87.9,1807.74
87.88,1904.58
87.86,1995.41
87.84,2084.08
87.82,2157.16
87.8,2305.25
87.78,2359.65
87.76,2453.82
87.74,2552.05
87.72,2607.67
87.7,2676.51
87.68,2804.22
87.66,2808.33
87.64,2844.17
87.62,2870.78
87.6,2916.51
87.58,2939.78
87.56,3010.88
87.54,3038.71
87.52,3027.71
87.5,2975.96
87.48,3001.38
87.46,2947.85
87.44,2871.03
87.42,2795.71
87.4,2748.21
87.38,2667.43
87.36,2603.99
87.34,2521.11
87.32,2454.82
87.3,2332.78
87.28,2233.06
87.26,2136.23
87.24,2048.27
87.22,1956.33
87.2,1867.12
87.18,1758.16
87.16,1690.81
87.14,1597.59
87.12,1547.66
87.1,1397.27
87.08,1314.26
87.06,1255.13
87.04,1198.42
87.02,1085.89
87,1054.58
86.98,977.48
86.96,917.79
86.94,848.56
86.92,788.39
86.9,789.52
86.88,727.14
86.86,712.41
86.84,661.19
86.82,635.31
86.8,567.87
86.78,536.16
86.76,560.68
86.74,525.39
86.72,486.45
86.7,526.95
86.68,449.11
86.66,410.38
86.64,407.19
86.62,403.4
86.6,406.33
86.58,367.2
86.56,359.49
86.54,371.51
86.52,355.5
86.5,379.37
86.48,350.05
86.46,360.88
86.44,311.91
86.42,297.38
86.4,307.13
86.38,289.8
86.36,267.96
86.34,257.02
86.32,255.47
86.3,270.76
86.28,249.28
86.26,264.79
86.24,271.96
86.22,278.97
86.2,256.87
86.18,233.93
86.16,209.78
86.14,202.33
86.12,197.77
86.1,194.32
86.08,214.93
86.06,193.74
86.04,191.45
86.02,211.83
86,176.5
85.98,200.68
85.96,199.64
85.94,184.48
85.92,198.61
85.9,205.61
85.88,214.05
85.86,206.29
85.84,178.44
85.82,170.75
85.8,169.4
85.78,202.92
85.76,179.83
85.74,205.44
85.72,177.32
85.7,199.48
85.68,190.33
85.66,184.37
85.64,189.28
85.62,179.62
85.6,216.98
85.58,202.38
85.56,197.55
85.54,188.97
85.52,170.98
85.5,203.06
85.48,199.1
85.46,172.79
85.44,191.42
85.42,182.84
85.4,187.8
85.38,197.04
85.36,202.97
85.34,207.73
85.32,203.92
85.3,210.02
85.28,231.92
85.26,238.04
85.24,255.69
85.22,222.77
85.2,257.37
85.18,254.04
85.16,250.42
85.14,243.58
85.12,273.38
85.1,281.6
85.08,300.15
85.06,324.12
85.04,347.18
85.02,341.69
85,329.31
84.98,368.72
84.96,345.61
84.94,363.06
84.92,380.36
84.9,423.22
84.88,487.2
84.86,489.01
84.84,467.7
84.82,490.36
84.8,530.3
84.78,524.26
84.76,570.14
84.74,610.26
84.72,652.8
84.7,676.59
84.68,701.56
84.66,734.23
84.64,797.09
84.62,870.22
84.6,875.19
84.58,923.76
84.56,1029.2
84.54,1052.69
84.52,1123.22
84.5,1186.84
84.48,1274.08
84.46,1334.46
84.44,1433.51
84.42,1523.43
84.4,1604.82
84.38,1739.42
84.36,1839.23
84.34,1977.73
84.32,2128.03
84.3,2266.35
84.28,2396.5
84.26,2559.75
84.24,2739.27
84.22,2925.88
84.2,3013.03
84.18,3254.01
84.16,3421.5
84.14,3586.69
84.12,3764.15
84.1,3906.63
84.08,4022.37
84.06,4173.99
84.04,4317.77
84.02,4470.33
84,4589.19
83.98,4710.5
83.96,4770.11
83.94,4845.36
83.92,4895.17
83.9,4961.49
83.88,4933.56
83.86,4987.72
83.84,4992.9
83.82,4964.5
83.8,4929.43
83.78,4843.59
83.76,4756.79
83.74,4681.94
83.72,4540.54
83.7,4440.7
83.68,4312.38
83.66,4226.57
83.64,4043.77
83.62,3895.03
83.6,3769.77
83.58,3575.86
83.56,3411.37
83.54,3211.87
83.52,3098.38
83.5,2919.89
83.48,2752.96
83.46,2541.87
83.44,2426.39
83.42,2250.21
83.4,2094.69
83.38,1979.07
83.36,1853.41
83.34,1738.52
83.32,1620.48
83.3,1512.48
83.28,1425.53
83.26,1301.07
83.24,1220.51
83.22,1152.7
83.2,1072.7
83.18,1029.39
83.16,993.76
83.14,902.53
83.12,864.05
83.1,830.74
83.08,784.7
83.06,732
83.04,698.83
83.02,664.01
83,642.96
82.98,622.96
82.96,592.5
82.94,543.09
82.92,546.63
82.9,524.95
82.88,508.39
82.86,491.94
82.84,431.87
82.82,456.34
82.8,437.13
82.78,419.6
82.76,407.43
82.74,364.69
82.72,393.82
82.7,366.32
82.68,362.42
82.66,343.35
82.64,338.21
82.62,339.52
82.6,335.2
82.58,296.49
82.56,306.35
82.54,325.99
82.52,312.59
82.5,263.48
82.48,286.61
82.46,270.82
82.44,264.8
82.42,258.19
82.4,265.64
82.38,219.96
82.36,231.54
82.34,221.62
82.32,202.21
82.3,216.52
82.28,188.53
82.26,195.47
82.24,189.77
82.22,183.06
82.2,183.07
82.18,186.82
82.16,185.48
82.14,214.99
82.12,209.17
82.1,188.66
82.08,173.03
82.06,177.25
82.04,148.38
82.02,151.99
82,146.98
81.98,142.25
81.96,141.46
81.94,126.11
81.92,156.01
81.9,124.63
81.88,108.67
81.86,134.97
81.84,139.84
81.82,108.3
81.8,102.21
81.78,101.5
81.76,116.02
81.74,92.71
81.72,93.96
81.7,69.29
81.68,119.51
81.66,108.6
81.64,66.62
81.62,76.61
81.6,80.45
81.58,83.24
81.56,78.35
