BE,CPS_Background_substract
89.84,143.38
89.82,95.22
89.8,138.75
89.78,137.25
89.76,161.16
89.74,178.53
89.72,157.79
89.7,139.72
89.68,123.39
89.66,130.85
89.64,152.31
89.62,152.47
89.6,158.83
89.58,160.3
89.56,148.14
89.54,164.69
89.52,160.41
89.5,184.54
89.48,175.01
89.46,185.2
89.44,188.38
89.42,223.4
89.4,185.72
89.38,186.69
89.36,185.38
89.34,291.65
89.32,238.01
89.3,212.72
89.28,256.3
89.26,218.14
89.24,221.97
89.22,235.41
89.2,265.13
89.18,265.92
89.16,300.04
89.14,318.66
89.12,360.43
89.1,350.4
89.08,359.5
89.06,381.64
89.04,366.56
89.02,422.04
89,431.05
88.98,405.55
88.96,478.52
88.94,511.91
88.92,530.03
88.9,553.15
88.88,565.79
88.86,640.41
88.84,647.44
88.82,703.02
88.8,759.69
88.78,781.53
88.76,826.44
88.74,892.4
88.72,940
88.7,1003.92
88.68,1032.47
88.66,1097.29
88.64,1158.54
88.62,1238.44
88.6,1244.62
88.58,1378.32
88.56,1453.83
88.54,1471.21
88.52,1560.76
88.5,1675.16
88.48,1756.67
88.46,1822.4
88.44,1908.83
88.42,1998.54
88.4,2050.35
88.38,2117.21
88.36,2273.58
88.34,2352.94
88.32,2451.99
88.3,2578.25
88.28,2649.39
88.26,2758.72
88.24,2907.71
88.22,2924.12
88.2,3026.35
88.18,3070.92
88.16,3242.32
88.14,3389.12
88.12,3485.85
88.1,3565.36
88.08,3651.19
88.06,3780.09
88.04,3937.34
88.02,4080.45
88,4285.46
87.98,4447.4
87.96,4575.82
87.94,4689.16
87.92,4847.93
87.9,5032.36
87.88,5100.24
87.86,5194.7
87.84,5394.74
87.82,5466.58
87.8,5615.66
87.78,5669.91
87.76,5810.42
87.74,5835.49
87.72,5847.67
87.7,5908.12
87.68,5927.1
87.66,5988.85
87.64,5989.7
87.62,5964.43
87.6,5892.46
87.58,5823.71
87.56,5735.2
87.54,5740.66
87.52,5642.88
87.5,5533.01
87.48,5442.19
87.46,5283.23
87.44,5175.59
87.42,5052.29
87.4,4800.81
87.38,4684.2
87.36,4471.87
87.34,4334.16
87.32,4172.33
87.3,3986.87
87.28,3817.34
87.26,3635.03
87.24,3460.53
87.22,3254.13
87.2,3174.83
87.18,2967.13
87.16,2774.85
87.14,2643.6
87.12,2513.86
87.1,2354.39
87.08,2210.46
87.06,2091.13
87.04,1973.38
87.02,1902.74
87,1800.72
86.98,1696.21
86.96,1629.08
86.94,1527.8
86.92,1444.93
86.9,1345.72
86.88,1297.02
86.86,1272.68
86.84,1143.03
86.82,1116.91
86.8,1072.63
86.78,996.02
86.76,969.47
86.74,892.56
86.72,896.39
86.7,862.43
86.68,856.23
86.66,780.02
86.64,751.38
86.62,718.41
86.6,702.01
86.58,706.19
86.56,687.51
86.54,693.39
86.52,645.63
86.5,670.67
86.48,616.9
86.46,568.55
86.44,581.75
86.42,558.88
86.4,556.13
86.38,571.49
86.36,527.44
86.34,555.89
86.32,525.58
86.3,528.98
86.28,466.68
86.26,457.25
86.24,453.15
86.22,438.34
86.2,455.61
86.18,453.26
86.16,430.27
86.14,417.92
86.12,408.51
86.1,443.21
86.08,430.09
86.06,436.65
86.04,439.23
86.02,440.4
86,414.51
85.98,456.98
85.96,417.36
85.94,401.92
85.92,413.58
85.9,396.33
85.88,400.73
85.86,453.66
85.84,449.68
85.82,405.04
85.8,397.44
85.78,382.64
85.76,409.69
85.74,437.33
85.72,458.86
85.7,406.41
85.68,418.24
85.66,443.78
85.64,440.12
85.62,451.54
85.6,517.42
85.58,460.58
85.56,487.73
85.54,486.77
85.52,491.01
85.5,494.62
85.48,526.29
85.46,538.44
85.44,559.55
85.42,581.94
85.4,634.79
85.38,642.66
85.36,653.32
85.34,647.62
85.32,717.52
85.3,739.56
85.28,772.14
85.26,804.77
85.24,893.81
85.22,917.61
85.2,956.92
85.18,1024.12
85.16,1083.27
85.14,1136.58
85.12,1162.24
85.1,1256.16
85.08,1339.25
85.06,1412.86
85.04,1491.17
85.02,1568.79
85,1660.78
84.98,1746.24
84.96,1903.44
84.94,1936.83
84.92,2087.89
84.9,2195.09
84.88,2295.37
84.86,2393.28
84.84,2584.84
84.82,2692.41
84.8,2775.18
84.78,2972.35
84.76,3052.12
84.74,3250.98
84.72,3352.72
84.7,3444.89
84.68,3618.85
84.66,3768.05
84.64,3960.24
84.62,4108.04
84.6,4213.13
84.58,4388.52
84.56,4586.25
84.54,4794.71
84.52,4929.75
84.5,5023.87
84.48,5187.15
84.46,5442.29
84.44,5649.95
84.42,5805.76
84.4,5975.19
84.38,6237.55
84.36,6464.58
84.34,6691.4
84.32,6913.29
84.3,7086.59
84.28,7382.05
84.26,7601.09
84.24,7914.4
84.22,8093.94
84.2,8408.37
84.18,8614.04
84.16,8755.29
84.14,8985.22
84.12,9143.45
84.1,9316.29
84.08,9440.68
84.06,9559.22
84.04,9565.46
84.02,9663.83
84,9701.04
83.98,9675.92
83.96,9641.96
83.94,9624.78
83.92,9582.14
83.9,9539.55
83.88,9417.32
83.86,9259.09
83.84,9137.31
83.82,8978.33
83.8,8791.42
83.78,8563.74
83.76,8344.68
83.74,8169.32
83.72,7888.5
83.7,7666.91
83.68,7364.86
83.66,7030.39
83.64,6688.5
83.62,6422.63
83.6,6216.19
83.58,5928.91
83.56,5624.14
83.54,5315.2
83.52,5023.03
83.5,4748.12
83.48,4504.43
83.46,4234.38
83.44,3941.78
83.42,3750.09
83.4,3531.76
83.38,3239.24
83.36,3049.73
83.34,2833.52
83.32,2704.7
83.3,2531.58
83.28,2377.71
83.26,2186.75
83.24,2056.61
83.22,1956.7
83.2,1855.52
83.18,1727.47
83.16,1650.41
83.14,1557.2
83.12,1472.47
83.1,1394.56
83.08,1336.69
83.06,1277.57
83.04,1233.61
83.02,1159.45
83,1132.39
82.98,1062.62
82.96,1030.2
82.94,997.79
82.92,940.22
82.9,900.21
82.88,853.35
82.86,800.22
82.84,838.02
82.82,769.04
82.8,754.8
82.78,686.93
82.76,694.14
82.74,695.08
82.72,628.59
82.7,598.96
82.68,599.63
82.66,588.39
82.64,532.97
82.62,569.35
82.6,535.56
82.58,521.3
82.56,469.16
82.54,457.84
82.52,442.59
82.5,452.74
82.48,437.3
82.46,416.88
82.44,420.49
82.42,394.38
82.4,354.69
82.38,315.96
82.36,339.97
82.34,341.35
82.32,355.64
82.3,349.86
82.28,305.92
82.26,284.23
82.24,273.07
82.22,292.79
82.2,306.99
82.18,265.98
82.16,278.81
82.14,277.29
82.12,259.17
82.1,245.19
82.08,246.61
82.06,212.6
82.04,209.8
82.02,221.35
82,205.64
81.98,205
81.96,189.53
81.94,157.8
81.92,190.03
81.9,152.04
81.88,142.1
81.86,169.75
81.84,128.22
81.82,141.15
81.8,125.33
81.78,125.97
81.76,135.23
81.74,136.37
81.72,95.68
81.7,127.01
81.68,92.17
81.66,92.6
81.64,130.65
81.62,110.89
81.6,52.3
81.58,62.04
81.56,38.37
81.54,62.24
81.52,42.44
81.5,34.87
81.48,45.93
